kinematics:
  shoulder:
    x: 0
    y: 0
    z: 0.15177800831791322
    roll: -0
    pitch: 0
    yaw: 8.8650427838843347e-08
  upper_arm:
    x: -9.0695119953258479e-05
    y: 0
    z: 0
    roll: 1.5708629891776664
    pitch: 0
    yaw: -1.0304873713895546e-05
  forearm:
    x: -0.24353207045929223
    y: 0
    z: 0
    roll: 0.0059008583647620636
    pitch: 0.0013004504440331131
    yaw: -1.3353909024210462e-05
  wrist_1:
    x: -0.21290860665684511
    y: -0.00044148247772129453
    z: 0.13126669396837948
    roll: 0.0033632355610195559
    pitch: 0.0025458895052083677
    yaw: 6.5498197022959237e-06
  wrist_2:
    x: 4.1041373711678352e-05
    y: -0.085247823857343197
    z: 8.3665079400986606e-05
    roll: 1.5698148935013194
    pitch: 0
    yaw: 2.0131745557821647e-05
  wrist_3:
    x: -0.00019064980064333216
    y: 0.09177535700434114
    z: -0.00026904360725578733
    roll: 1.5678647899932405
    pitch: 3.1415926535897931
    yaw: 3.1415926441912889
  hash: calib_2501620625384208040